00000000001000000000010000110011
00000000000100010010000000100011
11111111110000010000000100010011
00000000010001000010010100000011
00000000101000010010000000100011
11111111110000010000000100010011
00000000000000000000010100010011
00000000010000010010001100000011
00000000010000010000000100010011
00000110101000110000111001100011
00000000010001000010010100000011
00000000101000010010000000100011
11111111110000010000000100010011
00000000100000010010000000100011
11111111110000010000000100010011
00000000010001000010010100000011
00000000101000010010000000100011
11111111110000010000000100010011
00000000000100000000010100010011
00000000010000010010001100000011
00000000010000010000000100010011
01000000101000110000010100110011
00000000101000010010000000100011
11111111110000010000000100010011
11110100000111111111000011101111
00000000010000010010001100000011
00000000010000010000000100010011
00000000101000110100100001100011
00000000101000000000001110110011
00000000011000000000010100110011
00000001100000000000000011101111
00000000011000000000001110110011
00000000000000000000111000010011
00000000000000111000100001100011
00000000101011100000111000110011
11111111111100111000001110010011
11111110100111111111000011101111
00000001110000000000010100110011
00000000000000000000111000110011
00000001000000000000000001101111
00000000000100000000010100010011
00000000010000010010000010000011
00000000110000010000000100010011
00000000000000010010010000000011
00000000000000001000000011100111
00000000100000010010000000100011
11111111110000010000000100010011
00000000010100000000010100010011
00000000101000010010000000100011
11111111110000010000000100010011
11100111000111111111000011101111
00000000000000000000000000000000